28.88 -2.83 28.88 -7.78
14.48 -0.99 14.35 -2.93
14.35 -2.93 21.82 -3.16
21.82 -3.16 21.75 -0.58
21.75 -0.58 28.88 -2.83
17.76 -18.55 7.0 -7.17
7.0 -7.17 7.08 -3.62
7.08 -3.62 13.02 -1.11
13.02 -1.11 14.48 -0.99
36.76 -19.96 17.23 -39.96
17.23 -39.96 17.44 -40.14
17.44 -40.14 37.18 -19.96
28.88 -7.78 17.76 -18.55
5.5 -4.04 5.33 -6.59
5.33 -6.59 17.66 -19.75
17.66 -19.75 27.48 -10.53
27.48 -10.53 36.76 -19.96
-0.99 0.17 -0.99 -0.24
-0.99 -0.24 8.01 -0.45
8.01 -0.45 7.33 -3.16
7.33 -3.16 5.5 -4.04
37.18 -19.96 27.66 -10.17
27.66 -10.17 30.56 -7.56
30.56 -7.56 30.5 -0.68
30.5 -0.68 -0.99 0.17
