28.3762659846547 -3.07867007672634 28.3762659846547 -7.50792838874681
13.947621483376 -1.46803069053708 13.8134015345269 -3.41421994884911
13.8134015345269 -3.41421994884911 22.4034782608696 -3.68265984654731
22.336368286445 -3.68265984654731 22.2692583120205 -1.26670076726343
22.2692583120205 -1.26670076726343 28.4433759590793 -3.21289002557545
17.7728900255754 -17.8428644501279 7.50506393861892 -6.97104859335039
7.50506393861892 -6.97104859335039 7.57217391304348 -3.95109974424552
7.57217391304348 -3.95109974424552 13.1423017902813 -1.60225063938618
13.1423017902813 -1.60225063938618 13.947621483376 -1.53514066496164
36.1610230179028 -19.8561636828645 16.497800511509 -39.9891560102302
16.497800511509 -39.9891560102302 17.4373401534527 -40.7944757033248
17.5044501278772 -40.7944757033248 37.9729923273657 -19.8561636828645
28.4433759590793 -7.50792838874681 17.7728900255754 -17.8428644501279
5.02199488491049 -3.74976982097186 4.82066496163683 -6.76971867007673
4.82066496163683 -6.76971867007673 17.6386700767263 -20.4601534526854
17.6386700767263 -20.4601534526854 27.5038363171356 -11.1989769820972
27.436726342711 -11.1989769820972 36.0268030690537 -19.923273657289
-1.4876726342711 0.612378516624041 -1.4876726342711 -0.729820971867007
-1.4876726342711 -0.729820971867007 7.37084398976982 -0.931150895140661
7.37084398976982 -0.931150895140661 6.90107416879795 -2.81023017902813
6.90107416879795 -2.81023017902813 4.95488491048594 -3.74976982097186
37.9729923273657 -20.0574936061381 28.3762659846547 -10.1923273657289
28.3762659846547 -10.1923273657289 31.0606649616368 -7.77636828644501
31.0606649616368 -7.77636828644501 30.9935549872123 -0.192941176470583
30.9935549872123 -0.192941176470583 -1.4876726342711 0.679488491048595