38.9260981912145 -18.853608957795 29.3762618432386 -9.30377260981912
29.3762618432386 -9.30377260981912 31.5955900086133 -7.15169681309216
31.5955900086133 -7.15169681309216 31.7300947459087 -1.23348837209302
31.7300947459087 -1.23348837209302 54.7976571920758 -1.77150732127476
9.94032730404823 -28.4034453057709 28.0984668389319 -10.6488199827735
28.0984668389319 -10.6488199827735 36.3705081826012 -18.9881136950904
36.3705081826012 -18.9881136950904 17.0690783807063 -38.9620671834625
17.0690783807063 -38.9620671834625 18.4141257536606 -40.1726098191214
18.3468733850129 -40.1726098191214 38.9933505598622 -18.853608957795
6.91397071490094 -2.84754521963823 5.03090439276485 -3.38556416881998
5.03090439276485 -3.38556416881998 4.89639965546942 -6.61367786391042
4.89639965546942 -6.61367786391042 16.8673212747631 -18.9208613264427
16.8673212747631 -18.9208613264427 8.72978466838931 -27.192902670112
8.72978466838931 -27.192902670112 10.0075796726959 -28.5379500430663
54.7976571920758 -1.83875968992248 54.7304048234281 -0.224702842377255
54.7304048234281 -0.224702842377255 -1.35807062876831 0.851335055986219
-1.35807062876831 0.851335055986219 -1.42532299741602 -0.560964685615843
-1.42532299741602 -0.560964685615843 7.5192420327304 -0.829974160206717
7.5192420327304 -0.829974160206717 6.84671834625323 -2.98204995693368
