20.1609195402299 -16.0648786717752 17.6513043478261 -18.581074168798
29.6113409961686 -8.55816091954023 28.7400255427842 -7.5527969348659
28.7400255427842 -7.5527969348659 24.0483269476373 -12.1104469987229
24.0483269476373 -12.1104469987229 22.4397445721584 -14.4562962962963
22.4397445721584 -14.4562962962963 20.1609195402299 -16.1319029374202
33.0510485933504 -13.7491560102302 30.9035294117647 -12.3398465473146
30.9035294117647 -12.3398465473146 29.7626598465473 -10.326547314578
29.7626598465473 -10.326547314578 28.5546803069054 -9.31989769820972
28.5546803069054 -9.31989769820972 29.6284398976982 -8.58168797953964
33.3865984654732 -14.9571355498721 34.9301278772379 -17.5744245524297
34.9301278772379 -17.5744245524297 37.5474168797954 -20.1246035805627
37.5474168797954 -20.1246035805627 38.4198465473146 -19.1850639386189
38.4198465473146 -19.1850639386189 33.0510485933504 -13.8162659846547
27.0111508951407 -11.0647570332481 27.9506905370844 -10.1252173913043
27.9506905370844 -10.1252173913043 28.8902301790281 -11.2660869565217
28.8902301790281 -11.2660869565217 31.2390792838875 -13.6820460358056
31.2390792838875 -13.6820460358056 33.3865984654732 -15.0913554987212
5.13329923273657 -6.43416879795397 17.817084398977 -19.923273657289
17.817084398977 -19.8561636828645 24.1925319693095 -13.7491560102302
24.1925319693095 -13.7491560102302 25.2662915601023 -11.9371867007673
25.2662915601023 -11.9371867007673 27.0782608695652 -11.0647570332481
7.07948849104859 -0.662710997442453 6.81104859335038 -0.327161125319691
6.81104859335038 -0.327161125319691 4.99907928388747 -0.528491048593352
4.99907928388747 -0.528491048593352 -1.10792838874681 -0.528491048593352
-1.10792838874681 -0.528491048593352 -1.17503836317136 0.343938618925833
5.06618925831202 -6.50127877237851 5.33462915601023 -2.81023017902813
5.33462915601023 -2.81023017902813 6.47549872122762 -3.01156010230179
6.47549872122762 -3.01156010230179 7.68347826086956 -1.73647058823529
7.68347826086956 -1.73647058823529 7.07948849104859 -0.662710997442453
6.87815856777494 -6.97104859335039 8.28746803069054 -8.04480818414322
8.28746803069054 -8.04480818414322 16.6762148337596 -17.1046547314578
16.6762148337596 -17.1046547314578 17.6513043478261 -18.581074168798
6.82309067688378 -3.46431673052362 7.29226053639847 -5.07289910600255
7.29226053639847 -5.07289910600255 6.82309067688378 -7.01660280970626
6.82309067688378 -7.01660280970626 6.82309067688378 -7.01660280970626
8.36464878671775 -8.02196679438059 8.36464878671775 -8.02196679438059
-1.35386973180077 0.557139208173695 12.1850319284802 0.154993614303962
12.1850319284802 0.154993614303962 12.3190804597701 -1.58763729246488
12.3190804597701 -1.58763729246488 8.2976245210728 -3.06217113665389
8.2976245210728 -3.06217113665389 6.82309067688378 -3.46431673052362
