6.94526854219949 -0.125831202046037
8.01902813299233 -8.7830179028133
11.8442966751918 -12.8096163682864
15.4682352941176 -16.7019948849105
19.2935038363171 -17.7086445012788
31.1048593350384 -13.0109462915601
32.3799488491049 -13.8162659846547
33.5879283887468 -14.822915601023
35.7354475703325 -17.373094629156
37.61452685422 -19.319283887468
23.1187723785166 -14.2860358056266
24.6623017902813 -12.2056265984655
26.2729411764706 -10.5949872122762
27.9506905370844 -9.45411764705882
29.8297698209719 -11.6016368286445
0.106598465473149 0.0754987212276248
3.12 -0.0587212276214828
10.3007672634271 -0.394271099744245
7.14659846547314 -3.34710997442455
5.9386189258312 -4.48797953964194
6.54260869565217 -6.97104859335039
9.8981074168798 -10.7292071611253
14.058925831202 -15.1584654731458
17.6157544757033 -18.7824040920716
20.7028132992327 -16.5006649616368
